[Space Invanders (by Taito)]
DATA 32,17,63,110,255,191,160,27, 128,0,128,192,224,160,160,0
DATA 32,145,191,238,127,63,32,64, 128,32,160,224,192,128,128,64
DATA 24,60,126,219,255,36,90,165
DATA 24,60,126,219,255,90,129,66

[Manic Miner (by Mathew Smith)]
DATA 3,31,62,26,31,30,12,30, 0,0,0,0,0,0,0,0, 55,55,55,59,30,12,12,14, 0,0,0,0,0,0,0,0
DATA 3,31,62,26,31,30,12,30, 0,0,0,0,0,0,0,0, 63,63,123,125,30,59,55,59, 0,0,128,128,0,0,0,128
DATA 3,31,62,26,31,30,12,30, 0,0,0,0,0,0,0,0, 63,127,255,222,31,59,97,112, 0,128,192,192,0,64,192,128
DATA 31,57,25,143,95,95,255,95, 16,240,240,16,0,128,192,192, 95,159,14,14,27,27,113,27, 192,128,0,0,0,0,192,0
DATA 31,57,25,15,159,95,255,94, 32,224,224,32,0,128,192,0, 159,31,14,14,14,14,14,31, 192,128,0,0,0,0,0,0
DATA 31,57,25,15,31,31,255,30, 64,192,192,64,0,192,0,0, 31,31,14,14,27,27,113,27, 0,192,0,0,0,0,192,0
DATA 68,40,148,81,53,214,88,16
DATA 255,254,126,124,76,76,8,8
DATA 48,72,136,144,104,4,10,4

[Footbal Manager (by Kevin Toms)]
24,88,126,26,120,72,206,2
48,48,24,60,28,56,48,40
24,24,30,58,24,42,36,32
24,24,24,28,60,24,28,8
24,24,60,90,90,60,36,102

[Xmas Eve (by Paul Stanley)]
DATA 0,0,1,0,0,0,0,0
DATA 192,64,160,224,127,126,99,82, 8,28,8,124,156,72,63,128
DATA 16,56,16,62,56,18,252,1, 3,2,5,7,254,126,198,74
DATA 0,0,128,0,0,0,0,0
DATA 0,0,0,54,54,0,54,54
DATA 0,1,3,7,15,31,63,127
DATA 0,128,192,224,240,248,252,254
DATA 255,220,73,65,64,0,0,0
DATA 24,60,86,60,24,126,255,255

[Platform Jack (by John Silvera)]
255,66,36,24,24,36,66,0
0,6,38,24,80,32,0,0
66,126,66,66,66,126,66,66
255,129,66,36,255,36,66,129
24,60,24,60,90,90,24,24
0,0,12,12,4,30,69,56
0,0,0,0,0,11,139,124
24,24,24,60,126,126,255,24
60,24,24,60,126,126,126,60
154,60,89,199,126,91,154,60
4,73,18,36,73,146,36,73
0,0,1,18,8,9,18,36
0,0,0,0,0,4,1,2
24,153,90,60,24,24,38,102
24,24,24,60,90,24,24,60
24,24,8,28,42,24,20,34
24,24,16,56,84,24,40,68
12,12,10,30,40,20,36,72
48,48,80,56,20,40,36,18
24,24,47,28,136,126,1,0
24,24,84,48,17,126,128,0

[Goblin dungeon (by Peter Watson)]
DATA "A",255,255,219,228,25,164,8,0
DATA "B",255,129,189,189,129,161,129,129
DATA "C",28,28,136,126,29,28,20,54
DATA "D",57,57,17,255,185,57,170,238
DATA "E",34,255,136,255,34,255,136,255
DATA "F",255,255,255,60,24,126,90,24
DATA "G",8,8,20,20,20,20,28,0
DATA "H",8,20,42,69,42,20,8,0
DATA "I",1,26,4,10,18,32,64,0
DATA "J",16,84,56,254,56,84,16,0
DATA "K",0,2,5,253,69,229,162,0
DATA "L",16,68,40,130,56,186,56,0
DATA "M",0,16,4,18,36,82,8,0
DATA "N",24,189,153,90,126,90,126,0
DATA "O",0,6,24,56,112,224,192,0

[Bomber (by Richard Taylor)]
DATA 0,0,0,0,56,124,124,56
DATA 255,153,153,255,255,153,153,255
DATA 24,60,126,255,255,153,153,255
DATA 0,152,145,159,223,153,153,255
DATA 0,0,249,35,255,255,16,0
DATA 0,0,159,196,255,255,4,0

[Patience Pairs (by Colin N Gooch)]
DATA 0,94,82,82,82,82,94,0
DATA 0,16,56,124,254,124,56,16
DATA 16,56,124,124,254,214,84,16
DATA 0,108,254,254,124,124,56,16
DATA 0,56,56,16,214,254,214,16

[Lord of Darkness (by Philip Dutre)]
300 DATA 24,36,70,74,82,36,24,0
310 DATA 32,16,16,16,16,16,8,0
320 DATA 60,66,2,12,16,32,126,0
330 DATA 60,66,2,12,2,66,60,0
340 DATA 8,24,40,72,124,8,8,0
350 DATA 62,64,92,34,2,66,60,0
360 DATA 6,24,32,124,66,66,60,0
370 DATA 126,2,4,8,16,32,64,0
380 DATA 60,66,66,60,66,66,60,0
390 DATA 60,66,66,62,4,24,96,0

500 DATA 30,34,66,126,66,66,66,0
510 DATA 92,98,66,92,66,66,124,0
520 DATA 28,34,64,64,64,34,28,0
530 DATA 92,98,66,66,66,68,88,0
540 DATA 94,96,64,112,64,64,126,0
550 DATA 94,96,64,112,64,64,64,0
560 DATA 28,34,64,64,70,34,30,0
570 DATA 66,66,66,126,66,66,66,0
580 DATA 56,16,16,16,16,16,56,0
590 DATA 56,8,8,8,8,72,48,0
600 DATA 68,72,80,112,72,68,66,0
610 DATA 64,64,64,64,64,66,124,0
620 DATA 66,102,90,66,66,66,66,0
630 DATA 66,98,82,74,70,66,66,0
640 DATA 24,36,66,66,66,36,24,0
650 DATA 92,98,66,92,64,64,64,0
660 DATA 24,36,66,66,66,36,26,0
670 DATA 92,98,66,92,72,68,66,0
680 DATA 60,66,64,60,2,66,60,0
690 DATA 124,16,16,16,16,16,16,0
700 DATA 114,34,66,66,66,70,58,0
710 DATA 66,66,34,34,18,20,8,0
720 DATA 119,34,65,65,73,73,54,0
730 DATA 65,34,20,8,20,34,65,0
740 DATA 65,34,20,8,8,8,8,0
750 DATA 63,66,4,8,16,33,126,0

1000 DATA 0,0,52,76,68,68,54,0
1010 DATA 64,64,88,100,68,68,88,0
1020 DATA 0,0,56,68,64,68,56,0
1030 DATA 32,16,24,36,68,68,56,0
1040 DATA 0,0,56,68,124,64,60,0
1050 DATA 24,36,32,56,32,32,32,0
1060 DATA 0,0,56,68,64,76,60,4
1070 DATA 64,64,88,100,68,72,92,0
1080 DATA 8,0,24,8,8,8,28,0
1090 DATA 8,0,24,8,8,8,40,16
1100 DATA 64,64,72,80,112,72,68,0
1110 DATA 32,32,32,32,32,36,24,0
1120 DATA 0,0,86,105,73,66,71,0
1130 DATA 0,0,88,100,68,72,92,0
1140 DATA 0,0,60,66,66,66,60,0
1150 DATA 0,0,88,100,68,68,88,64
1160 DATA 0,0,52,76,68,68,52,4
1170 DATA 0,0,88,100,68,120,68,0
1180 DATA 0,0,56,64,56,4,120,0
1190 DATA 16,16,120,32,32,36,24,0
1200 DATA 0,0,116,36,68,76,52,0
1210 DATA 0,0,68,36,20,20,8,0
1220 DATA 0,0,119,34,73,73,54,0
1230 DATA 0,0,68,40,16,40,68,0
1240 DATA 0,0,66,34,18,12,72,48
1250 DATA 0,0,30,36,8,18,60,0

9010 DATA 0,124,254,250,254,255,28,15
9011 DATA 0,62,127,95,127,255,56,240
9012 DATA 0,0,0,66,255,66,0,0
9013 DATA 4,17,73,72,2,146,103,255
9014 DATA 0,72,41,41,98,106,202,255
9015 DATA 0,1,2,4,8,16,33,64
9016 DATA 0,254,6,58,26,42,202,194
9017 DATA 255,129,129,129,129,129,255,0
9018 DATA 68,72,16,32,64,128,0,0
9019 DATA 96,80,72,80,96,64,64,0
9020 DATA 2,2,6,10,18,38,74,0
9021 DATA 8,10,10,28,40,40,8,0
9022 DATA 68,68,100,84,76,68,68,0
9023 DATA 96,80,72,80,96,80,72,0
9024 DATA 8,8,8,8,28,42,8,0
9025 DATA 16,80,80,56,20,20,16,0
9026 DATA 68,100,84,76,100,84,76,0
9027 DATA 84,84,100,104,112,64,64,0
9028 DATA 4,8,16,32,16,8,4,0
9029 DATA 12,20,36,68,4,4,4,0
9030 DATA 12,20,36,28,36,20,12,0

[Break/Space (by Blerkotron 2017)]
9901 DATA 0,60,70,12,24,0,24,0
9902 DATA 24,24,60,60,60,126,126,24
9903 DATA 60,66,90,102,66,90,60,0
9904 DATA 126,66,90,90,66,36,24,0
9905 DATA 0,60,118,94,122,86,60,0
9906 DATA 0,24,36,66,126,0,90,0
9907 DATA 24,60,102,219,219,102,60,24
9908 DATA 0,102,102,102,102,0,102,0
9909 DATA 60,66,25,101,85,73,34,28
9910 DATA 24,126,219,255,90,66,36,60
9911 DATA 74,85,182,126,36,60,24,24
9912 DATA 24,102,129,165,129,189,129,126
9913 DATA 74,255,183,126,126,42,73,42
9914 DATA 255,129,153,66,36,90,153,60
9915 DATA 24,60,66,219,195,195,189,153
9916 DATA 0,24,24,24,24,60,36,0
9917 DATA 60,66,153,165,165,153,66,60
9918 DATA 8,118,153,161,129,66,66,60
9919 DATA 126,66,66,126,24,126,129,255
9920 DATA 0,254,16,16,16,16,16,0
9921 DATA 0,66,66,66,66,66,60,0

[Sinclair UDG Generator Examples (Psion)]
DATA 14,25,57,127,127,249,217,142
DATA 142,217,249,127,127,57,25,14
DATA 24,24,16,30,56,24,20,34
DATA 24,24,16,60,88,24,36,68
DATA 200,168,200,168,6,5,6,4
DATA 255,1,125,69,85,93,65,127
DATA 24,60,126,24,24,24,24,24

[Čeština]
DATA "A",8,16,56,4,60,68,60,0   -- á
DATA "B",40,16,124,8,16,32,124,0    -- ž
DATA "C",20,8,28,32,32,32,28,0  -- č
DATA "E",8,16,56,68,120,64,60,0 -- é
DATA "H",8,16,68,68,68,60,4,56  -- ý
DATA "I",8,16,0,48,16,16,56,0   -- í
DATA "J",8,16,68,68,68,68,56,0  -- ú
DATA "N",40,16,120,68,68,68,68,0    -- ň
DATA "O",8,16,56,68,68,68,56,0  -- ó
DATA "Q",40,16,56,68,120,64,60,0    -- ě
DATA "R",20,8,28,32,32,32,32,0  -- ř
DATA "S",40,16,56,64,56,4,120,0 -- š
DATA "U",16,40,16,68,68,68,56,0 -- ů
DATA "F",36,60,66,64,64,66,60,0 -- Č
DATA "G",36,126,4,8,16,32,126,0 -- Ž
DATA "K",36,60,64,60,2,66,60,0  -- Š
DATA "P",36,124,66,66,124,68,66,0   -- Ř

